[gd_scene load_steps=25 format=3 uid="uid://cy446v6rlxcd5"]

[ext_resource type="Script" path="res://LevelController.gd" id="1_t3b22"]
[ext_resource type="PackedScene" uid="uid://c56yvex4g3pif" path="res://Scenes/player.tscn" id="2_s5h3j"]
[ext_resource type="Texture2D" uid="uid://cp8luvdgqkc46" path="res://Textures/Tex_badge_35.PNG" id="3_0cvqa"]
[ext_resource type="Script" path="res://EditableMap.gd" id="3_87vbk"]
[ext_resource type="Texture2D" uid="uid://b40qi0acguhr8" path="res://FLAGRed.png" id="3_ty0vp"]
[ext_resource type="Script" path="res://addons/zylann.hterrain/hterrain.gd" id="4_sqftk"]
[ext_resource type="Resource" path="res://Scenes/Levels/level1/data.hterrain" id="5_ejoi5"]
[ext_resource type="Script" path="res://addons/zylann.hterrain/hterrain_texture_set.gd" id="6_4gba7"]
[ext_resource type="Texture2D" uid="uid://dbtnnv53ap7d7" path="res://Textures/grass_1_basecolor-1K.png" id="7_h37f5"]
[ext_resource type="Texture2D" uid="uid://doeyfpmulhmiq" path="res://Textures/Cliff_basecolor.png" id="8_8iwbd"]
[ext_resource type="Texture2D" uid="uid://7m5c5uxiaa3m" path="res://Textures/grass_1_normal-1K.png" id="9_u54t8"]
[ext_resource type="Texture2D" uid="uid://dgqwjkwa2ckuq" path="res://Textures/Cliff_normal.png" id="10_cxcxb"]
[ext_resource type="PackedScene" uid="uid://dtab7c0bq186o" path="res://Scenes/house.tscn" id="13_00hr0"]
[ext_resource type="PackedScene" uid="uid://7jfrr44c1tir" path="res://Scenes/chest.tscn" id="14_ndxgu"]
[ext_resource type="Script" path="res://navigator_spawn.gd" id="15_31cjw"]
[ext_resource type="PackedScene" uid="uid://url466m8etkf" path="res://navigator.tscn" id="16_f256h"]
[ext_resource type="PackedScene" uid="uid://dkv2gdruwmqqp" path="res://Scenes/playback_canvas.tscn" id="17_ls85u"]
[ext_resource type="PackedScene" uid="uid://bkpvpnsmwlkuy" path="res://Models/Flag.glb" id="18_katun"]
[ext_resource type="PackedScene" uid="uid://cpyuibv7in8lg" path="res://Scenes/player_canvas.tscn" id="18_xbvxu"]

[sub_resource type="ProceduralSkyMaterial" id="ProceduralSkyMaterial_a5k6u"]

[sub_resource type="Sky" id="Sky_gagda"]
sky_material = SubResource("ProceduralSkyMaterial_a5k6u")

[sub_resource type="Environment" id="Environment_yanan"]
background_mode = 2
sky = SubResource("Sky_gagda")

[sub_resource type="Resource" id="Resource_5we7l"]
script = ExtResource("3_87vbk")
Width = 100
Height = 100

[sub_resource type="Resource" id="Resource_v8bm5"]
script = ExtResource("6_4gba7")
mode = 0
textures = [[ExtResource("7_h37f5"), ExtResource("8_8iwbd")], [ExtResource("9_u54t8"), ExtResource("10_cxcxb")]]

[node name="Level1" type="Node3D" node_paths=PackedStringArray("navigator_spawn_points", "player", "goals", "extraMarkerPositions")]
script = ExtResource("1_t3b22")
navigator_spawn_points = [NodePath("Start")]
player = NodePath("Player")
goals = [NodePath("Chest")]
extraMarkerSprites = Array[Texture2D]([ExtResource("3_ty0vp"), ExtResource("3_ty0vp"), ExtResource("3_ty0vp"), ExtResource("3_ty0vp")])
extraMarkerPositions = [NodePath("FlagMarkers/Flag2"), NodePath("FlagMarkers/Flag3"), NodePath("FlagMarkers/Flag4"), NodePath("FlagMarkers/Flag5")]
remove_items = Array[int]([1, 2])
nextLevel = "res://Scenes/Levels/level2.tscn"
info_title = "Welome, cartographer!"
info_portrait = ExtResource("3_0cvqa")
info_text = "Welcome to Cartographomancer! Get ready to draw maps to help adventurers navigate the area. You'll have various tools at your disposal to help build an accurate map.

In this level, you'll learn to draw the map. Normally, you'll need to measure spaces yourself, but for now, the mountains in this area are marked out with red flags.

Use the black marker to [b]color in the cliffs[/b] between the flags, then press [b]Submit Map[/b] to see how you did! If the adventurer doesn't make it to the end, you can retry by pressing the [b]Reset[/b] button.

If you close the map, you can reopen it by pressing [b]Tab[/b]."
attemps_for_3_stars = 1
attemps_for_2_stars = 2

[node name="WorldEnvironment" type="WorldEnvironment" parent="."]
environment = SubResource("Environment_yanan")

[node name="DirectionalLight3D" type="DirectionalLight3D" parent="."]
transform = Transform3D(-4.37114e-08, 0.638768, -0.7694, 0, 0.7694, 0.638768, 1, 2.79214e-08, -3.36315e-08, -0.00377464, -0.0199896, 0.00757551)
shadow_enabled = true
shadow_reverse_cull_face = true

[node name="Player" parent="." instance=ExtResource("2_s5h3j")]
transform = Transform3D(1, 0, 0, 0, 1, 0, 0, 0, 1, 43.1989, 0.994233, 45.031)
Map = SubResource("Resource_5we7l")

[node name="HTerrain" type="Node3D" parent="."]
script = ExtResource("4_sqftk")
map_scale = Vector3(0.781, 1, 0.781)
_terrain_data = ExtResource("5_ejoi5")
chunk_size = 16
collision_enabled = true
collision_layer = 1
collision_mask = 1
shader_type = "Classic4"
custom_shader = null
custom_globalmap_shader = null
texture_set = SubResource("Resource_v8bm5")
render_layers = 1
cast_shadow = 1
shader_params/u_ground_uv_scale_per_texture = Vector4(10, 5, 20, 20)
shader_params/u_depth_blending = true
shader_params/u_triplanar = false
shader_params/u_tile_reduction = Vector4(0, 1, 0, 0)
shader_params/u_globalmap_blend_start = null
shader_params/u_globalmap_blend_distance = null
shader_params/u_colormap_opacity_per_texture = Vector4(1, 1, 1, 1)
shader_params/u_specular = 0.5

[node name="House" parent="." instance=ExtResource("13_00hr0")]
transform = Transform3D(0.913907, 0, -0.405923, 0, 1, 0, 0.405923, 0, 0.913907, 44.0488, 0, 34.9483)

[node name="Chest" parent="." instance=ExtResource("14_ndxgu")]
transform = Transform3D(0.0887552, 0, -0.996053, 0, 1, 0, 0.996053, 0, 0.0887552, 37.9914, 0.000104904, 9.52753)
start_marked = true

[node name="Start" type="Marker3D" parent="."]
transform = Transform3D(-0.144736, 0, 0.98947, 0, 1, 0, -0.98947, 0, -0.144736, 42.904, 1, 38.216)
script = ExtResource("15_31cjw")
navigator_scene = ExtResource("16_f256h")

[node name="Destination" type="Marker3D" parent="."]
transform = Transform3D(1, 0, 0, 0, 1, 0, 0, 0, 1, 37.3204, 1.97998, 9.88569)

[node name="PlaybackCanvas" parent="." node_paths=PackedStringArray("level_controller") instance=ExtResource("17_ls85u")]
visible = false
level_controller = NodePath("..")

[node name="PlayerCanvas" parent="." instance=ExtResource("18_xbvxu")]
num_items_shown = 1

[node name="FlagMarkers" type="Node3D" parent="."]

[node name="Flag2" parent="FlagMarkers" instance=ExtResource("18_katun")]
transform = Transform3D(-0.0926835, 0, 0.995696, 0, 1, 0, -0.995696, 0, -0.0926835, 48.2239, 4.05028, 33.5039)

[node name="Flag3" parent="FlagMarkers" instance=ExtResource("18_katun")]
transform = Transform3D(0.364763, 0, -0.9311, 0, 1, 0, 0.9311, 0, 0.364763, 15, 0, 33.5039)

[node name="Flag4" parent="FlagMarkers" instance=ExtResource("18_katun")]
transform = Transform3D(-0.429802, 0, -0.902923, 0, 1, 0, 0.902923, 0, -0.429802, 48.2239, 5.16628, 15)

[node name="Flag5" parent="FlagMarkers" instance=ExtResource("18_katun")]
transform = Transform3D(0.604585, 0, 0.79654, 0, 1, 0, -0.79654, 0, 0.604585, 15, 0, 15)
